0
2
1
6
2
11
2
10
5
7
3
A
0
3
1
6
2
2
2
10
5
7
8
3
A
0
0
1
6
8
8
10
13
A
0
0
15
11
4
4
3
3
A
0
3
1
3
2
1
7
5
7
10
1
1
1
3
2
A
0
3
1
5
2
2
2
7
4
4
4
5
4
A
0
5
1
2
2
3
2
4
3
4
11
21
2
3
13
13
2
3
2
11
22
10
21
11
222
10
10
21
222
222
223
11
19
11
21
2
A
0
4
1
2
2
3
2
4
3
4
11
21
2
3
13
13
2
3
2
11
22
10
21
11
222
10
10
21
222
222
223
12
19
2
A
0
3
1
2
2
3
2
4
3
4
21
2
3
13
13
2
3
2
11
22
23
22
23
20
5
23
111
22
24
111
111
21
22
22
20
21
123
321
19
23
456
221
22
25
1
A
0
3
1
2
2
3
2
4
3
4
21
2
3
13
13
2
3
2
11
22
23
22
23
20
5
23
111
22
24
111
111
21
22
22
20
21
123
321
19
23
456
221
23
25
1
A
0
1
103
109
110
115
1
3
A
0
0
1
3
10
15
21
A
0
1
1
3
2
11
12
10
11
2
23
A
0
2
1
3
2
4
3
5
4
6
1
3
A
0
2
1
5
2
6
3
7
8
4
10
1
A
0
1
5
1
2
2
2
2
2
3
3
2
6
8
8
9
8
A
0
5
1
2
1
2
1
2
1
2
1
2
1
2
1
3
1
3
1
3
1
4
1
4
A
0
0
1
2
5
6
8
9
10
12
13
15
18
19
23
31
32
A
0
0
21
20
19
17
14
13
12
10
9
8
7
6
4
3
1
A
0
3
100
103
110
115
109
110
1
3
2
100
102
10
13
20
3
4
A
0
2
1
1
2
2
3
3
4
2
102
7
9
10
6
2
3
1
A
0
1
1
2
3
4
5
6
7
8
9
1
A
0
1
1
1
1
2
2
2
1
10
9
8
7
6
5
6
4
3
2
1
11
A
0
0
5
5
5
5
5
5
A
0
3
2
22
2
22
2
22
2
22
2
22
2
11
A
0
1
1
11
111
1111
11111
1111
111
11
1
A
0
4
1
3
2
4
3
6
4
7
10
4
10
3
6
1
1
1
1
1
546
332
456
10
20
30
40
50
60
4
5
6
9
7
6
5
1
4
2
234
A
0
5
1
2
3
1
2
3
1
2
3
1
2
3
1
2
3
1
2
3
A
0
4
100
99
98
23
675
3
5
44
242
54
22
65
1
1
34
34
34
17
17
18
5
4
3
7
789
786
765
654
543
432
6
4
2
1
3
5
7
9
1
A
0
9
2
100
101
3
99
100
4
98
99
100
5
96
98
100
6
94
96
99
7
92
94
95
8
90
93
100
9
88
90
1000
10
86
88
2
3
A
0
4
1
11
2
11
3
11
4
11
5
11
6
11
7
11
8
11
9
8
2
11
1
A
0
0
1
1
1
1
1
1
1
1
1
1
A
0
1
1
2
3
4
5
6
7
8
9
10
11
12
13
1
2
3
4
5
6
7
8
9
10
11
12
13
14
A
0
0
100
99
98
97
96
95
94
93
92
91
90
100
101
102
103
104
105
106
107
108
109
110
A
0
1
1
2
1
2
3
4
5
4
3
2
1
2
3
4
5
6
7
8
9
8
7
6
5
4
3
2
1
A
0
4
1
100
2
101
3
102
4
103
5
104
6
105
7
106
8
107
7
106
6
105
5
104
4
103
3
102
2
101
1
100
A
0
4
1
100
2
101
3
102
4
103
5
104
6
105
7
106
8
107
7
106
6
105
5
104
4
103
3
102
2
101
1
100
99
A
0
0
1
11
111
1111
11111
111111
A
0
1
1
2
11
111
1111
11111
111111
11111
1111
111
11
1
3
A
0
4
1
2
11
2
111
3
1111
4
5
11111
6
7
111111
6
11111
5
1111
4
111
3
11
2
1
A
0
2
1
2
3
4
5
6
1
2
3
4
5
6
7
1
2
3
4
5
6
7
8
9
A
0
2
1
10
1
1
20
1
1
A
0
2
1
5
2
6
3
7
8
4
10
1
A
0
2
1
5
2
6
3
7
8
4
10
1
100
A
0
12
1
2
1
1
1
3
1
1
1
4
1
1
2
1
2
3
1
1
1
5
2
1
1
2
4
1
1
3
1
1
2
1
1
1
3
2
1
1
2
4
1
1
2
1
1
3
A
0
2
1
1
2
1
2
3
1
A
0
1
1
2
3
4
5
6
7
8
9
10
9
8
7
6
5
4
3
2
1
A
0
13
1
2
3
1
2
3
1
2
3
1
2
3
1
2
3
1
2
3
1
2
3
1
2
3
1
2
3
1
2
3
1
2
3
1
2
3
1
2
3
1
A
0
4
1
5
4
5
1
4
5
1
5
4
5
1
4
5
1
5
A
0
4
1
4
3
4
2
2
4
2
2
4
2
2
4
2
A